Colorized of graph (colors algorithm)
number of vertexes: 20
Adjacency matrix: 20x20 vertexes
       1  2  3  4  5  6  7  8  9 10 11 12 13 14 15 16 17 18 19 20
  1:   0  1  1  1  1  1  1  1  1  0  1  1  0  0  0  1  0  1  0  0
  2:   1  0  0  1  1  1  0  1  0  1  1  0  0  0  1  0  0  1  1  1
  3:   1  0  0  0  1  1  1  0  1  1  0  1  1  1  0  1  1  1  0  1
  4:   1  1  0  0  1  1  1  0  0  0  0  0  1  1  0  0  1  0  0  0
  5:   1  1  1  1  0  1  0  1  0  1  0  1  1  1  0  0  1  0  1  1
  6:   1  1  1  1  1  0  0  0  1  1  1  1  0  0  0  0  1  0  1  0
  7:   1  0  1  1  0  0  0  0  1  0  0  1  1  1  0  1  0  1  0  1
  8:   1  1  0  0  1  0  0  0  1  1  0  0  0  0  0  1  0  0  0  1
  9:   1  0  1  0  0  1  1  1  0  1  0  0  1  0  1  0  1  1  0  0
 10:   0  1  1  0  1  1  0  1  1  0  1  1  1  0  1  1  1  0  1  1
 11:   1  1  0  0  0  1  0  0  0  1  0  0  1  0  1  0  0  0  0  1
 12:   1  0  1  0  1  1  1  0  0  1  0  0  0  0  0  0  0  1  0  1
 13:   0  0  1  1  1  0  1  0  1  1  1  0  0  0  1  0  0  1  1  1
 14:   0  0  1  1  1  0  1  0  0  0  0  0  0  0  1  0  1  1  1  0
 15:   0  1  0  0  0  0  0  0  1  1  1  0  1  1  0  1  1  0  1  0
 16:   1  0  1  0  0  0  1  1  0  1  0  0  0  0  1  0  0  0  1  1
 17:   0  0  1  1  1  1  0  0  1  1  0  0  0  1  1  0  0  0  1  1
 18:   1  1  1  0  0  0  1  0  1  0  0  1  1  1  0  0  0  0  1  0
 19:   0  1  0  0  1  1  0  0  0  1  0  0  1  1  1  1  1  1  0  0
 20:   0  1  1  0  1  0  1  1  0  1  1  1  1  0  0  1  1  0  0  0
Adjacency list (outcoming)
1:   2  3  4  5  6  7  8  9 11 12 16 18
2:   1  4  5  6  8 10 11 15 18 19 20
3:   1  5  6  7  9 10 12 13 14 16 17 18 20
4:   1  2  5  6  7 13 14 17
5:   1  2  3  4  6  8 10 12 13 14 17 19 20
6:   1  2  3  4  5  9 10 11 12 17 19
7:   1  3  4  9 12 13 14 16 18 20
8:   1  2  5  9 10 16 20
9:   1  3  6  7  8 10 13 15 17 18
10:   2  3  5  6  8  9 11 12 13 15 16 17 19 20
11:   1  2  6 10 13 15 20
12:   1  3  5  6  7 10 18 20
13:   3  4  5  7  9 10 11 15 18 19 20
14:   3  4  5  7 15 17 18 19
15:   2  9 10 11 13 14 16 17 19
16:   1  3  7  8 10 15 19 20
17:   3  4  5  6  9 10 14 15 19 20
18:   1  2  3  7  9 12 13 14 19
19:   2  5  6 10 13 14 15 16 17 18
20:   2  3  5  7  8 10 11 12 13 16 17
table of vertex colors
color:  1  2  3  4  5  6  7  8  9 10 11 12 13 14 15 16 17 18 19 20
    1:  1  0  0  0  0  0  0  0  0  1  0  0  0  1  0  0  0  0  0  0
    2:  1  2  2  0  0  0  0  0  0  1  0  0  0  1  0  0  0  0  0  0
    3:  1  2  2  3  0  0  0  3  0  1  3  3  0  1  0  0  0  0  3  0
    4:  1  2  2  3  4  0  4  3  0  1  3  3  0  1  4  0  0  0  3  0
    5:  1  2  2  3  4  5  4  3  0  1  3  3  5  1  4  5  0  0  3  0
    6:  1  2  2  3  4  5  4  3  6  1  3  3  5  1  4  5  0  0  3  6
    7:  1  2  2  3  4  5  4  3  6  1  3  3  5  1  4  5  7  7  3  6

Colors of vertexes:
vertex   1: color 1
vertex   2: color 2
vertex   3: color 2
vertex   4: color 3
vertex   5: color 4
vertex   6: color 5
vertex   7: color 4
vertex   8: color 3
vertex   9: color 6
vertex  10: color 1
vertex  11: color 3
vertex  12: color 3
vertex  13: color 5
vertex  14: color 1
vertex  15: color 4
vertex  16: color 5
vertex  17: color 7
vertex  18: color 7
vertex  19: color 3
vertex  20: color 6
